# Created by Octave 2.1.33, Sat Sep 07 12:25:41 2002 EST <bindoff@tornado.antcrc.utas.edu.au>
# name: lambda
# type: scalar
0.001
# name: g
# type: matrix
# rows: 1
# columns: 101
 0 0.0327151548815307 0.0979276460665564 0.162489096801421 0.225973493598981 0.287966712803889 0.34807101842018 0.405909307997413 0.461129043229598 0.513405808110047 0.562446444739049 0.607991725026774 0.649818525379972 0.687741480801342 0.721614104451487 0.751329368408173 0.776819750892712 0.798056764414882 0.815049987923419 0.827845633968893 0.836524688937219 0.841200670473564 0.842017051189758 0.839144401568427 0.832777307606502 0.823131120173535 0.810438593318159 0.794946467888672 0.776912054913895 0.756599870313986 0.734278368789272 0.710216820296016 0.68468236749683 0.657937297113365 0.63023655235263 0.601825507670146 0.572938021206398 0.543794774419132 0.514601902846113 0.485549916676597 0.456812904970758 0.428548013016999 0.400895178511721 0.373977109021764 0.347899480567806 0.322751335151892 0.298605653635235 0.275520079529967 0.253537768967712 0.232688342304333 0.21298891346373 0.194445174157254 0.177052511479593 0.160797139014525 0.145657223424014 0.131603990480391 0.1186027965782 0.106614153874886 0.0955946993110868 0.0854980998086422 0.0762758879008452 0.0678782238853468 0.0602545822807987 0.0533543618966688 0.0471274201790757 0.0415245336681309 0.0364977873921443 0.0320008968340903 0.0279894667425993 0.0244211915327576 0.0212560023436838 0.0184561660034422 0.0159863412131963 0.0138135972167924 0.0119074000852981 0.0102395715348143 0.0087842249241029 0.00751768276183674 0.00641837970409828 0.00546675465307923 0.00464513518892437 0.00393761718702621 0.00332994210068967 0.00280937403090725 0.00236457836490616 0.00198550344865485 0.00166326646659 0.0013900444376209 0.00115897099994273 0.000964039448475378 0.000800012308021551 0.000662337569950059 0.000547071590774349 0.000450808543705371 0.000370616228915432 0.000303977981086764 0.000248740363518091 0.000203066302583184 0.000165393294449331 0.000134396304321836 0.000108954976149553
# name: i
# type: scalar
5
# name: t
# type: matrix
# rows: 1
# columns: 2
 0 40
# name: depth
# type: matrix
# rows: 1
# columns: 101
 -100 -103.331482167162 -113.303747550722 -129.850498752496 -152.862056145467 -182.186568650955 -217.63168254303 -258.966642624233 -305.924793665944 -358.206444186315 -415.482049556891 -477.395667176725 -543.568633101366 -613.603407113722 -687.087531803283 -763.597650785785 -842.70353173209 -923.97204134664 -1006.97102178691 -1091.27302117274 -1176.45883471014 -1262.12081744675 -1347.86593467585 -1433.31852139361 -1518.12272787085 -1601.94463420217 -1684.47402252378 -1765.42580133118 -1844.54108187231 -1921.58791184318 -1996.36167648567 -2068.68518160747 -2138.40843695338 -2205.40816171034 -2269.58703669533 -2330.87272994076 -2389.21672395363 -2444.59297389448 -2496.9964263228 -2546.44142802103 -2592.9600537818 -2636.60038097294 -2677.42473723686 -2715.50794589489 -2750.93559157389 -2783.80232631441 -2814.21023401657 -2842.26726859192 -2868.0857786701 -2891.78112921026 -2913.47042793365 -2933.27136216555 -2951.30114948526 -2967.67560356006 -2982.50831470304 -2995.90994306153 -3007.98762092082 -3018.84445940095 -3028.57915383181 -3037.28568130723 -3045.0530833338 -3051.96532609198 -3058.10123060123 -3063.53446501026 -3068.3335913014 -3072.56215888472 -3076.27883784522 -3079.537584977 -3082.38783617278 -3084.87471922093 -3087.03928157772 -3088.91872821758 -3090.54666520467 -3091.95334516564 -3093.16591136578 -3094.20863759132 -3095.10316151434 -3095.86870965709 -3096.52231247829 -3097.07900847147 -3097.55203649478 -3097.95301584173 -3098.29211381532 -3098.57820078385 -3098.81899287803 -3099.02118263859 -3099.19055804252 -3099.33211042924 -3099.450131916 -3099.54830293927 -3099.62977058774 -3099.69721840545 -3099.75292834341 -3099.79883552709 -3099.83657648727 -3099.86753147516 -3099.89286145108 -3099.91354030063 -3099.93038279497 -3099.94406877301 -3099.95516398443
# name: slope
# type: matrix
# rows: 1
# columns: 101
 0 0.00333148216716199 0.00997226538355972 0.016546751201774 0.0230115573929716 0.0293245125054877 0.0354451138920754 0.041334960081203 0.0469581510417106 0.0522816505203714 0.0572756053705753 0.0619136176198344 0.0661729659246407 0.0700347740123566 0.0734841246895608 0.0765101189825023 0.0791058809463047 0.0812685096145501 0.0829989804402667 0.0843019993858343 0.085185813537395 0.0856619827366155 0.0857451172290996 0.0854525867177624 0.0848042064772405 0.0838219063313172 0.0825293883216048 0.0809517788074004 0.0791152805411298 0.0770468299708743 0.0747737646424921 0.0723235051217939 0.0697232553459094 0.0669997247569618 0.0641788749849929 0.0612856932454324 0.0583439940128715 0.0553762499408485 0.0524034524283211 0.0494450016982278 0.0465186257607697 0.0436403271911404 0.0408243562639227 0.0380832086580208 0.0354276456790026 0.0328667347405185 0.0304079077021624 0.0280570345753531 0.0258185100781784 0.0236953505401561 0.0216892987233941 0.0198009342318996 0.0180297873197142 0.0163744540747989 0.0148327111429749 0.013401628358492 0.0120776778592872 0.010856838480131 0.00973469443086424 0.00870652747542181 0.00776740202656265 0.00691224275818195 0.0061359045092463 0.00543323440902941 0.00479912629114824 0.00422856758331272 0.00371667896050349 0.00325874713178109 0.00285025119578404 0.00248688304814232 0.00216456235679061 0.00187944663986173 0.0016279369870872 0.00140667996097682 0.00121256620013219 0.00104272622554117 0.000894523923024735 0.000765548142753232 0.000653602821191271 0.000556695993185258 0.000473028023312054 0.000400979346947679 0.000339097973593653 0.00028608696852416 0.000240792094185963 0.000202189760555484 0.000169375403929735 0.000141552386723106 0.000118021486755879 9.81710232663318e-05 8.14676484746997e-05 6.74478177138553e-05 5.5709937960728e-05 4.5907183676718e-05 3.77409601746876e-05 3.09549878907092e-05 2.53299759183392e-05 2.06788495502224e-05 1.68424943431091e-05 1.36859780368468e-05 1.10952114205247e-05
# name: delta_dens_ip1
# type: matrix
# rows: 1
# columns: 101
 4.81980251265668e-08 3.1677304619393e-06 7.28042601139123e-06 1.32925280773577e-05 0 0 0 0 0 0 0 0 0 0 0 0 0 0 0 0 0 0 0 0 0 0 0 0 0 0 0 0 0 0 0 0 0 0 0 0 0 0 0 0 0 0 0 0 0 0 0 0 0 0 0 0 0 0 0 0 0 0 0 0 0 0 0 0 0 0 0 0 0 0 0 0 0 0 0 0 0 0 0 0 0 0 0 0 0 0 0 0 0 0 0 0 0 0 0 0 0
